  2.4762778e+002  4.4504865e+002
  1.9885873e+002  4.2854220e+002
  1.6734642e+002  4.0678370e+002
  1.5759261e+002  3.8427491e+002
  1.4858910e+002  3.1824912e+002
  1.5684232e+002  2.7248124e+002
  1.7935111e+002  2.1020692e+002
  2.8739332e+002  1.9595135e+002
  3.2940973e+002  2.6347773e+002
  3.4216471e+002  3.1974971e+002
  3.3991383e+002  3.8427491e+002
  3.1965592e+002  4.1203576e+002
  2.9114478e+002  4.3304396e+002
  1.3583411e+002  3.7977315e+002
  1.3583411e+002  3.5126202e+002
  1.3058206e+002  3.1149648e+002
  1.2157855e+002  2.5072274e+002
  1.4858910e+002  1.7569343e+002
  1.9135580e+002  1.4117995e+002
  3.0314947e+002  1.4343083e+002
  3.4591618e+002  1.7944490e+002
  3.6467351e+002  2.4922216e+002
  3.6317292e+002  3.1149648e+002
  3.6017175e+002  3.4976143e+002
  3.5867116e+002  3.7902286e+002
  1.9885873e+002  2.8748710e+002
  2.9189508e+002  2.8598652e+002
  1.6959730e+002  2.7173095e+002
  2.0035932e+002  2.6047655e+002
  2.2436870e+002  2.6272743e+002
  2.6863599e+002  2.6197714e+002
  3.0014830e+002  2.6272743e+002
  3.2415768e+002  2.7848359e+002
  2.4762778e+002  2.7548242e+002
  2.2061723e+002  3.3250469e+002
  2.5062896e+002  3.3775674e+002
  2.7613892e+002  3.3400528e+002
  2.0110961e+002  3.7452110e+002
  2.4462661e+002  3.7076964e+002
  2.8889390e+002  3.7227022e+002
  2.2136753e+002  3.9027726e+002
  2.4537691e+002  3.9552931e+002
  2.7313775e+002  3.9102755e+002
