   2.3100000e+02   4.2400000e+02
   1.9100000e+02   4.0600000e+02
   1.6600000e+02   3.7000000e+02
   1.6200000e+02   3.4100000e+02
   1.6000000e+02   2.6800000e+02
   1.8100000e+02   2.1200000e+02
   2.0700000e+02   1.7200000e+02
   2.6800000e+02   1.7300000e+02
   2.9700000e+02   2.0200000e+02
   3.0900000e+02   2.7800000e+02
   3.1200000e+02   3.2300000e+02
   3.0100000e+02   3.6400000e+02
   2.7900000e+02   3.9800000e+02
   1.3000000e+02   3.6500000e+02
   1.0900000e+02   3.1000000e+02
   1.1400000e+02   2.6800000e+02
   1.2800000e+02   1.8300000e+02
   1.6100000e+02   1.5100000e+02
   2.0900000e+02   1.2700000e+02
   2.7300000e+02   1.4100000e+02
   3.1000000e+02   1.8200000e+02
   3.2600000e+02   2.2800000e+02
   3.3500000e+02   2.6700000e+02
   3.3600000e+02   3.1700000e+02
   3.3400000e+02   3.5400000e+02
   1.9800000e+02   2.6700000e+02
   2.8000000e+02   2.7600000e+02
   1.7200000e+02   2.5200000e+02
   2.0200000e+02   2.4300000e+02
   2.3100000e+02   2.4900000e+02
   2.6300000e+02   2.5700000e+02
   2.8900000e+02   2.5200000e+02
   3.0900000e+02   2.6600000e+02
   2.4700000e+02   2.6200000e+02
   2.1700000e+02   3.2300000e+02
   2.4400000e+02   3.3300000e+02
   2.6500000e+02   3.2700000e+02
   1.9600000e+02   3.5200000e+02
   2.4100000e+02   3.5200000e+02
   2.7100000e+02   3.5900000e+02
   2.1000000e+02   3.6400000e+02
   2.3900000e+02   3.7400000e+02
   2.5600000e+02   3.7100000e+02
