  2.4286162e+002  4.1319373e+002
  1.8500185e+002  3.9430074e+002
  1.5193911e+002  3.5415314e+002
  1.4485424e+002  3.0810148e+002
  1.4249262e+002  2.1245572e+002
  1.7201292e+002  1.5577675e+002
  2.1570295e+002  1.3806458e+002
  2.7002030e+002  1.3806458e+002
  3.1016790e+002  1.5577675e+002
  3.4086900e+002  2.1363653e+002
  3.4204982e+002  3.0219742e+002
  3.3024170e+002  3.5061070e+002
  3.0544465e+002  3.9430074e+002
  1.3186531e+002  2.9865498e+002
  1.1769557e+002  2.5614576e+002
  1.3068450e+002  2.2544465e+002
  1.0588745e+002  1.9238192e+002
  1.4131181e+002  1.1208672e+002
  1.9917159e+002  6.7215867e+001
  2.8537085e+002  7.0758303e+001
  3.4086900e+002  1.1208672e+002
  3.7511255e+002  1.9120111e+002
  3.5858118e+002  2.2308303e+002
  3.5976199e+002  2.5614576e+002
  3.4913469e+002  2.8920849e+002
  1.9444834e+002  2.3607196e+002
  2.9127491e+002  2.3489114e+002
  1.5311993e+002  2.1835978e+002
  1.8972509e+002  2.0300923e+002
  2.2278782e+002  2.0891328e+002
  2.5939299e+002  2.0891328e+002
  2.9009410e+002  2.0419004e+002
  3.2669926e+002  2.1599815e+002
  2.4168081e+002  2.2780627e+002
  2.1570295e+002  2.9275092e+002
  2.4404244e+002  2.8684686e+002
  2.7002030e+002  2.9393173e+002
  1.9917159e+002  3.3171771e+002
  2.4404244e+002  3.2109041e+002
  2.8537085e+002  3.3407934e+002
  2.2160701e+002  3.4942989e+002
  2.4404244e+002  3.5415314e+002
  2.6647786e+002  3.5061070e+002
