   2.4875000e+02   4.3750000e+02
   1.9325000e+02   4.1800000e+02
   1.5575000e+02   3.8500000e+02
   1.4525000e+02   3.4900000e+02
   1.3925000e+02   3.0250000e+02
   1.4975000e+02   2.3350000e+02
   1.9925000e+02   1.9450000e+02
   2.7425000e+02   1.8250000e+02
   3.1925000e+02   2.0950000e+02
   3.3875000e+02   2.5750000e+02
   3.3875000e+02   3.3100000e+02
   3.2525000e+02   3.8050000e+02
   2.8925000e+02   4.2100000e+02
   1.2725000e+02   3.4900000e+02
   1.1525000e+02   3.2800000e+02
   1.1525000e+02   2.9050000e+02
   9.4250000e+01   2.3200000e+02
   1.2125000e+02   1.6450000e+02
   1.9925000e+02   1.1350000e+02
   2.8775000e+02   1.1950000e+02
   3.4325000e+02   1.6750000e+02
   3.7925000e+02   2.3950000e+02
   3.5525000e+02   3.0100000e+02
   3.4625000e+02   3.2650000e+02
   3.4325000e+02   3.4000000e+02
   1.9325000e+02   2.6950000e+02
   2.9375000e+02   2.6500000e+02
   1.6325000e+02   2.5150000e+02
   1.8875000e+02   2.3950000e+02
   2.1875000e+02   2.4700000e+02
   2.6975000e+02   2.4400000e+02
   2.9975000e+02   2.3200000e+02
   3.2675000e+02   2.3800000e+02
   2.4875000e+02   2.6350000e+02
   2.2175000e+02   3.2950000e+02
   2.5175000e+02   3.1000000e+02
   2.8025000e+02   3.2800000e+02
   2.0675000e+02   3.7300000e+02
   2.5175000e+02   3.6250000e+02
   2.9375000e+02   3.6400000e+02
   2.3675000e+02   3.7600000e+02
   2.5175000e+02   3.7750000e+02
   2.6525000e+02   3.7450000e+02
