  2.4462661e+002  4.5255158e+002
  1.9510727e+002  4.3904631e+002
  1.5909320e+002  4.0903458e+002
  1.4033587e+002  3.5876495e+002
  1.4108617e+002  2.7548242e+002
  1.6284467e+002  2.2221161e+002
  1.9960903e+002  1.8394666e+002
  2.6938628e+002  1.8019519e+002
  3.1815533e+002  2.2371219e+002
  3.4291501e+002  2.7623271e+002
  3.4666647e+002  3.6026553e+002
  3.3466178e+002  4.0603341e+002
  2.9714713e+002  4.3754572e+002
  1.2608030e+002  3.6176612e+002
  1.1482591e+002  3.2800293e+002
  1.1482591e+002  2.9123857e+002
  1.0807327e+002  2.2596307e+002
  1.3058206e+002  1.5693611e+002
  1.9810844e+002  1.0741676e+002
  2.8439215e+002  1.0966764e+002
  3.4441559e+002  1.5318464e+002
  3.6917526e+002  2.1545897e+002
  3.6917526e+002  2.8448593e+002
  3.6992556e+002  3.2350117e+002
  3.5942145e+002  3.6026553e+002
  1.9210610e+002  2.8748710e+002
  2.8889390e+002  2.8523623e+002
  1.6359496e+002  2.6797948e+002
  1.9285639e+002  2.6197714e+002
  2.2286811e+002  2.6647890e+002
  2.6113306e+002  2.6347773e+002
  2.9039449e+002  2.5672509e+002
  3.1665475e+002  2.6272743e+002
  2.4312603e+002  2.8748710e+002
  2.1086342e+002  3.3775674e+002
  2.4237573e+002  3.4600996e+002
  2.7538863e+002  3.3850703e+002
  2.0336049e+002  3.7677198e+002
  2.4237573e+002  3.6851876e+002
  2.8364185e+002  3.7977315e+002
  2.2061723e+002  3.9102755e+002
  2.4312603e+002  3.9702989e+002
  2.6713540e+002  3.9252814e+002
