  3.1905856e+002  5.9268468e+002
  2.3545495e+002  5.7250450e+002
  1.8068018e+002  5.4367568e+002
  1.5728941e+002  4.9413695e+002
  1.4525000e+002  3.7825000e+002
  1.8132041e+002  2.7385271e+002
  2.3138501e+002  2.2579070e+002
  3.1349096e+002  1.8774160e+002
  4.2964083e+002  2.4581654e+002
  4.7275000e+002  3.6025000e+002
  4.7169509e+002  4.6810336e+002
  4.5166925e+002  5.2617829e+002
  3.9759948e+002  5.7624289e+002
  1.3325840e+002  4.8412403e+002
  1.1323256e+002  4.3205685e+002
  1.1323256e+002  3.5996382e+002
  1.1275000e+002  2.5225000e+002
  1.7625000e+002  1.8125000e+002
  2.5375000e+002  1.0925000e+002
  3.6525000e+002  1.1425000e+002
  4.3925000e+002  1.7275000e+002
  4.8125000e+002  2.3125000e+002
  4.9572610e+002  3.3192765e+002
  4.9372351e+002  4.1002842e+002
  4.8971835e+002  4.5008010e+002
  2.4925000e+002  3.3075000e+002
  3.8225000e+002  3.2275000e+002
  2.1406867e+002  2.9206190e+002
  2.5304352e+002  2.7857060e+002
  2.9951354e+002  2.9505996e+002
  3.3499130e+002  2.9406190e+002
  3.8046132e+002  2.7257447e+002
  4.2843037e+002  2.9356093e+002
  3.1800000e+002  3.1800000e+002
  2.7300000e+002  4.0200000e+002
  3.2100000e+002  3.7900000e+002
  3.6700000e+002  3.9500000e+002
  2.6200000e+002  4.6200000e+002
  3.2200000e+002  4.3300000e+002
  3.8500000e+002  4.5800000e+002
  2.9400000e+002  4.8400000e+002
  3.2600000e+002  4.8500000e+002
  3.5900000e+002  4.7600000e+002
