  3.3232347e+002  6.2381263e+002
  2.3116708e+002  5.8308733e+002
  1.6810855e+002  5.1214648e+002
  1.4971648e+002  4.2544100e+002
  1.5725000e+002  3.2875000e+002
  1.5891252e+002  2.2969682e+002
  2.2985336e+002  1.2591299e+002
  4.0589176e+002  1.2591299e+002
  4.7289145e+002  2.1130475e+002
  4.8575000e+002  3.3425000e+002
  5.0047955e+002  4.3989191e+002
  4.8471492e+002  5.2528367e+002
  4.3873474e+002  5.7783245e+002
  1.4446161e+002  4.2544100e+002
  1.4183417e+002  3.8997058e+002
  1.3132441e+002  3.4793156e+002
  1.3395185e+002  2.2181450e+002
  1.6022624e+002  1.5481481e+002
  2.4036312e+002  8.6501406e+001
  3.9538200e+002  8.5187686e+001
  4.8602864e+002  1.5612853e+002
  5.2806766e+002  2.6385352e+002
  5.1887162e+002  3.3610809e+002
  5.2675394e+002  3.7683339e+002
  5.0836187e+002  4.4383307e+002
  2.4685234e+002  3.2568275e+002
  3.8508333e+002  3.2115058e+002
  1.9246637e+002  3.0528801e+002
  2.4005409e+002  2.8715936e+002
  2.8084357e+002  2.9395760e+002
  3.4655994e+002  2.9395760e+002
  3.9867982e+002  2.8489327e+002
  4.3267105e+002  3.0528801e+002
  3.1483480e+002  3.1435234e+002
  2.7177924e+002  4.0952778e+002
  3.2075000e+002  4.0125000e+002
  3.6695468e+002  4.0499561e+002
  2.4232018e+002  4.6391374e+002
  3.2389912e+002  4.5031725e+002
  4.0547807e+002  4.5484942e+002
  2.7631140e+002  4.9337281e+002
  3.2616520e+002  5.0923538e+002
  3.7148684e+002  4.9110673e+002
