   2.4387632e+02   4.7806155e+02
   2.0711196e+02   4.5105100e+02
   1.8160199e+02   4.1578722e+02
   1.6509555e+02   3.6926905e+02
   1.5083998e+02   2.8973798e+02
   1.5834291e+02   2.2746366e+02
   1.9210610e+02   1.8994900e+02
   2.8589273e+02   1.8619754e+02
   3.3091032e+02   2.3271571e+02
   3.4291501e+02   2.7623271e+02
   3.4066413e+02   3.5726436e+02
   3.1815533e+02   4.1503693e+02
   2.8889390e+02   4.4804982e+02
   1.5684232e+02   3.6701817e+02
   1.4558792e+02   3.3625615e+02
   1.3658441e+02   3.0024209e+02
   1.2007796e+02   2.2896424e+02
   1.3358324e+02   1.6368875e+02
   1.8985522e+02   1.1867116e+02
   3.0540035e+02   1.2017175e+02
   3.6842497e+02   1.7944490e+02
   3.7142614e+02   2.3571688e+02
   3.6842497e+02   2.8298535e+02
   3.6017175e+02   3.1524795e+02
   3.4816706e+02   3.5351290e+02
   1.9660785e+02   3.0324326e+02
   2.9039449e+02   2.9574033e+02
   1.6875000e+02   2.8225000e+02
   1.8625000e+02   2.7925000e+02
   2.0925000e+02   2.8125000e+02
   2.7125000e+02   2.7175000e+02
   2.9375000e+02   2.6875000e+02
   3.2125000e+02   2.7625000e+02
   2.4125000e+02   2.9425000e+02
   2.1925000e+02   3.6075000e+02
   2.4425000e+02   3.6525000e+02
   2.7125000e+02   3.6325000e+02
   2.0525000e+02   3.9425000e+02
   2.4475000e+02   3.9175000e+02
   2.9125000e+02   3.9225000e+02
   2.2425000e+02   4.0725000e+02
   2.4625000e+02   4.1275000e+02
   2.7075000e+02   4.0475000e+02
