  3.1974971e+002  5.7032122e+002
  2.3721747e+002  5.2080188e+002
  2.0795604e+002  4.7503400e+002
  1.8469695e+002  4.0750762e+002
  1.7225000e+002  3.0525000e+002
  1.9069930e+002  2.3569050e+002
  2.6422802e+002  2.0417819e+002
  3.8727608e+002  2.0042673e+002
  4.5405217e+002  2.3794138e+002
  4.7875000e+002  3.1375000e+002
  4.7656096e+002  4.0450645e+002
  4.5555275e+002  4.7353341e+002
  4.0828429e+002  5.3205627e+002
  1.6969109e+002  4.0300586e+002
  1.5693611e+002  3.5873857e+002
  1.4718230e+002  2.9346307e+002
  1.3525000e+002  1.9475000e+002
  1.8575000e+002  1.0225000e+002
  2.7025000e+002  4.7250000e+001
  4.1025000e+002  5.3750000e+001
  4.8925000e+002  1.1075000e+002
  5.2399162e+002  2.2058845e+002
  5.2908148e+002  2.8370926e+002
  5.3058206e+002  3.4898476e+002
  5.0432181e+002  4.0225557e+002
  2.5072274e+002  3.2422509e+002
  3.8352462e+002  3.2347479e+002
  1.9325000e+002  3.0225000e+002
  2.2975000e+002  2.8925000e+002
  2.7698300e+002  3.0321688e+002
  3.4175000e+002  2.9925000e+002
  3.9675000e+002  2.8575000e+002
  4.4375000e+002  3.0525000e+002
  3.1374736e+002  3.2647597e+002
  2.7675000e+002  4.2175000e+002
  3.1375000e+002  4.1925000e+002
  3.5175000e+002  4.1975000e+002
  2.5597479e+002  4.8478781e+002
  3.1175000e+002  4.7025000e+002
  3.7377081e+002  4.8403751e+002
  2.7623271e+002  5.0279484e+002
  3.1599824e+002  5.0804689e+002
  3.5576377e+002  5.0204455e+002
