233.7500 445.0000
188.7500 431.5000
160.2500 401.5000
136.2500 346.0000
142.2500 283.0000
160.2500 227.5000
199.2500 181.0000
269.7500 176.5000
298.2500 215.5000
320.7500 266.5000
328.2500 344.5000
314.7500 386.5000
287.7500 419.5000
121.2500 344.5000
128.7500 314.5000
125.7500 293.5000
130.2500 226.0000
143.7500 149.5000
196.2500 112.0000
275.7500 113.5000
332.7500 166.0000
359.7500 229.0000
365.7500 277.0000
359.7500 313.0000
347.7500 347.5000
187.2500 284.5000
275.7500 283.0000
157.2500 262.0000
184.2500 259.0000
215.7500 263.5000
251.7500 265.0000
284.7500 254.5000
308.7500 260.5000
233.7500 287.5000
211.2500 344.5000
235.2500 347.5000
256.2500 341.5000
200.7500 376.0000
235.2500 370.0000
269.7500 374.5000
215.7500 391.0000
236.7500 395.5000
256.2500 391.0000