  3.1300000e+002  5.6400000e+002
  2.3100000e+002  5.1700000e+002
  1.8700000e+002  4.7300000e+002
  1.7100000e+002  3.8300000e+002
  1.6600000e+002  2.9600000e+002
  1.9300000e+002  2.1800000e+002
  2.5700000e+002  1.5000000e+002
  3.6900000e+002  1.5500000e+002
  4.3400000e+002  2.2900000e+002
  4.5500000e+002  3.0200000e+002
  4.5200000e+002  3.9700000e+002
  4.4000000e+002  4.6800000e+002
  3.8900000e+002  5.2300000e+002
  1.4700000e+002  3.7900000e+002
  1.3300000e+002  3.3900000e+002
  1.4600000e+002  2.9900000e+002
  1.1425000e+002  1.9625000e+002
  1.6925000e+002  8.9250000e+001
  2.6425000e+002  4.9750000e+001
  3.7225000e+002  4.8750000e+001
  4.6125000e+002  1.0025000e+002
  5.1100000e+002  2.2000000e+002
  4.7300000e+002  2.9300000e+002
  4.9200000e+002  3.4600000e+002
  4.7700000e+002  3.8600000e+002
  2.4975000e+002  3.2775000e+002
  3.7975000e+002  3.2875000e+002
  2.0575000e+002  2.9225000e+002
  2.4125000e+002  2.8025000e+002
  2.8575000e+002  3.0225000e+002
  3.4275000e+002  3.0225000e+002
  3.9425000e+002  2.8025000e+002
  4.2675000e+002  2.9775000e+002
  3.1075000e+002  3.2775000e+002
  2.7200000e+002  4.1200000e+002
  3.1275000e+002  4.0625000e+002
  3.5200000e+002  4.1200000e+002
  2.5200000e+002  4.7100000e+002
  3.1100000e+002  4.5300000e+002
  3.7200000e+002  4.7400000e+002
  2.8800000e+002  4.9200000e+002
  3.1400000e+002  4.9800000e+002
  3.3500000e+002  4.9600000e+002
