   2.2436870e+02   4.9906975e+02
   1.6884701e+02   4.5630305e+02
   1.4333705e+02   4.2178957e+02
   1.3208265e+02   3.7377081e+02
   1.2833118e+02   3.1299707e+02
   1.4500000e+02   2.0900000e+02
   1.9200000e+02   1.6300000e+02
   2.8800000e+02   1.6900000e+02
   3.2800000e+02   2.2500000e+02
   3.3000000e+02   3.2300000e+02
   3.1800000e+02   3.8800000e+02
   3.1000000e+02   4.2800000e+02
   2.8400000e+02   4.6800000e+02
   1.2100000e+02   3.8100000e+02
   9.9000000e+01   3.4200000e+02
   1.0300000e+02   3.0000000e+02
   9.9000000e+01   2.1900000e+02
   1.4100000e+02   1.5500000e+02
   2.0700000e+02   1.1400000e+02
   2.7800000e+02   1.2200000e+02
   3.3000000e+02   1.7500000e+02
   3.5600000e+02   2.3800000e+02
   3.4400000e+02   3.1400000e+02
   3.4200000e+02   3.5600000e+02
   3.3200000e+02   3.9000000e+02
   1.9600000e+02   2.8900000e+02
   2.8700000e+02   2.9500000e+02
   1.6400000e+02   2.7100000e+02
   1.9300000e+02   2.6400000e+02
   2.2500000e+02   2.6400000e+02
   2.6300000e+02   2.6700000e+02
   2.9700000e+02   2.7000000e+02
   3.1600000e+02   2.8400000e+02
   2.4400000e+02   2.8700000e+02
   2.1800000e+02   3.5000000e+02
   2.4300000e+02   3.5900000e+02
   2.6600000e+02   3.5500000e+02
   1.9100000e+02   3.9500000e+02
   2.3800000e+02   3.9300000e+02
   2.7800000e+02   4.0100000e+02
   2.0800000e+02   4.2400000e+02
   2.3700000e+02   4.3500000e+02
   2.6300000e+02   4.2200000e+02
