  3.0624443e+002  5.9207972e+002
  2.2821395e+002  5.6431887e+002
  1.6894080e+002  5.0429543e+002
  1.5243435e+002  4.1951231e+002
  1.4875000e+002  3.2675000e+002
  1.6969109e+002  2.2218523e+002
  2.4021864e+002  1.7341618e+002
  3.6701817e+002  1.7566706e+002
  4.3829601e+002  2.3418992e+002
  4.5325000e+002  3.1825000e+002
  4.4880012e+002  4.2251348e+002
  4.3304396e+002  5.0354513e+002
  3.7977315e+002  5.6656975e+002
  1.1116823e+002  4.2626495e+002
  9.0160023e+001  3.7974678e+002
  9.3161196e+001  3.2272450e+002
  7.9655920e+001  2.1468230e+002
  1.1325000e+002  1.0525000e+002
  2.4525000e+002  1.6250000e+001
  4.0225000e+002  5.3250000e+001
  4.8856565e+002  1.3815240e+002
  4.9156682e+002  2.1243142e+002
  4.9306741e+002  3.1597186e+002
  4.9531829e+002  3.7674560e+002
  4.6980832e+002  4.2926612e+002
  2.4171923e+002  3.2797655e+002
  3.7827257e+002  3.2572567e+002
  1.9144959e+002  2.9046190e+002
  2.3571688e+002  2.6795311e+002
  2.7773329e+002  2.8370926e+002
  3.5051172e+002  2.8295897e+002
  3.9102755e+002  2.6495193e+002
  4.2929250e+002  2.8896131e+002
  3.1524795e+002  3.1972333e+002
  2.6722919e+002  4.1350996e+002
  3.1575000e+002  3.9475000e+002
  3.5801465e+002  4.1951231e+002
  2.5297362e+002  4.9003986e+002
  3.1299707e+002  4.7203283e+002
  3.6026553e+002  4.8778898e+002
  2.8673681e+002  5.0654631e+002
  3.1074619e+002  5.1554982e+002
  3.3700645e+002  5.0879719e+002
