  3.2500000e+002  5.7200000e+002
  2.8500000e+002  5.6400000e+002
  2.1800000e+002  5.1600000e+002
  1.8300000e+002  4.4600000e+002
  1.7500000e+002  3.5100000e+002
  1.8300000e+002  2.9000000e+002
  2.3825000e+002  2.6475000e+002
  3.7875000e+002  2.5875000e+002
  4.4200000e+002  2.8100000e+002
  4.5800000e+002  3.4300000e+002
  4.5900000e+002  4.2100000e+002
  4.4700000e+002  4.8400000e+002
  3.7000000e+002  5.6000000e+002
  1.6500000e+002  4.3900000e+002
  1.5600000e+002  3.9000000e+002
  1.5725000e+002  3.5175000e+002
  1.1400000e+002  2.8100000e+002
  1.4425000e+002  1.6875000e+002
  2.4875000e+002  9.0750000e+001
  3.9125000e+002  9.9250000e+001
  4.8425000e+002  1.8325000e+002
  5.1500000e+002  2.9000000e+002
  4.7775000e+002  3.4575000e+002
  4.7800000e+002  3.8500000e+002
  4.7100000e+002  4.1500000e+002
  2.4900000e+002  3.3400000e+002
  3.7625000e+002  3.2475000e+002
  2.0700000e+002  3.1200000e+002
  2.2700000e+002  2.9300000e+002
  2.8000000e+002  3.0100000e+002
  3.4100000e+002  2.9900000e+002
  3.9225000e+002  2.8125000e+002
  4.3000000e+002  3.0600000e+002
  3.1300000e+002  3.2800000e+002
  2.7800000e+002  4.1600000e+002
  3.1700000e+002  3.9800000e+002
  3.5300000e+002  4.1500000e+002
  2.6900000e+002  4.7100000e+002
  3.2000000e+002  4.5300000e+002
  3.7400000e+002  4.6500000e+002
  2.9600000e+002  4.8900000e+002
  3.2475000e+002  4.9525000e+002
  3.5025000e+002  4.8825000e+002
