  3.2375000e+002  5.5875000e+002
  2.2725000e+002  5.3825000e+002
  1.8100000e+002  4.9200000e+002
  1.6175000e+002  4.3725000e+002
  1.4675000e+002  3.2975000e+002
  1.7100000e+002  2.6400000e+002
  2.1600000e+002  1.7800000e+002
  3.7300000e+002  1.6300000e+002
  4.4500000e+002  2.2900000e+002
  4.6200000e+002  3.3100000e+002
  4.4600000e+002  4.3700000e+002
  4.3500000e+002  4.8600000e+002
  4.0100000e+002  5.2500000e+002
  1.4300000e+002  4.3600000e+002
  9.7000000e+001  3.6200000e+002
  1.1300000e+002  3.2200000e+002
  1.0875000e+002  2.1875000e+002
  1.3775000e+002  1.4825000e+002
  2.1975000e+002  6.5250000e+001
  3.6100000e+002  6.5000000e+001
  4.4000000e+002  1.1700000e+002
  4.8125000e+002  1.9225000e+002
  4.8200000e+002  3.2600000e+002
  4.9300000e+002  3.6600000e+002
  4.6300000e+002  4.2900000e+002
  2.5075000e+002  3.2675000e+002
  3.8100000e+002  3.2700000e+002
  2.0000000e+002  2.8200000e+002
  2.4300000e+002  2.6900000e+002
  2.8000000e+002  2.8500000e+002
  3.5300000e+002  2.8200000e+002
  3.9100000e+002  2.7300000e+002
  4.3200000e+002  2.8500000e+002
  3.1700000e+002  3.2100000e+002
  2.7500000e+002  4.1400000e+002
  3.1900000e+002  3.9900000e+002
  3.5925000e+002  4.1275000e+002
  2.6200000e+002  4.8400000e+002
  3.1800000e+002  4.5700000e+002
  3.6800000e+002  4.8300000e+002
  2.9800000e+002  4.8900000e+002
  3.2200000e+002  4.9800000e+002
  3.4200000e+002  4.8800000e+002
