  3.2625000e+002  5.9625000e+002
  2.3225000e+002  5.6725000e+002
  1.8775000e+002  5.1925000e+002
  1.6575000e+002  4.5225000e+002
  1.5700000e+002  3.4000000e+002
  1.8300000e+002  2.2800000e+002
  2.6800000e+002  1.7500000e+002
  3.7600000e+002  1.7800000e+002
  4.3900000e+002  2.3500000e+002
  4.6500000e+002  3.3500000e+002
  4.6400000e+002  4.4700000e+002
  4.4500000e+002  5.1500000e+002
  4.1475000e+002  5.7275000e+002
  1.4600000e+002  4.5400000e+002
  1.2100000e+002  4.0300000e+002
  1.2200000e+002  3.4000000e+002
  1.1325000e+002  2.4175000e+002
  1.5775000e+002  1.3025000e+002
  2.4325000e+002  7.8750000e+001
  3.8925000e+002  7.6250000e+001
  4.6625000e+002  1.4225000e+002
  4.9600000e+002  2.2200000e+002
  5.0200000e+002  3.3200000e+002
  4.9700000e+002  3.9300000e+002
  4.8000000e+002  4.4700000e+002
  2.4825000e+002  3.2825000e+002
  3.8175000e+002  3.2375000e+002
  2.0200000e+002  2.8800000e+002
  2.4600000e+002  2.8000000e+002
  2.9100000e+002  2.9300000e+002
  3.4700000e+002  2.9100000e+002
  3.9000000e+002  2.8000000e+002
  4.2600000e+002  2.8400000e+002
  3.2025000e+002  3.3225000e+002
  2.7775000e+002  4.1925000e+002
  3.2775000e+002  3.9675000e+002
  3.6875000e+002  4.1575000e+002
  2.5300000e+002  4.8000000e+002
  3.2725000e+002  4.5975000e+002
  3.9200000e+002  4.7000000e+002
  2.9100000e+002  4.8900000e+002
  3.2675000e+002  4.9775000e+002
  3.5600000e+002  4.8600000e+002
