206.5177  180.3230
173.4794  203.9218
151.7684  240.7360
136.6652  288.8776
146.1047  354.0103
166.8717  419.1431
212.1814  465.3968
284.8658  454.0693
331.1195  395.5442
349.9985  316.2522
341.5029  236.0162
324.5118  180.3230
278.2581  159.5560
131.0015  349.2906
114.9543  287.9336
104.5708  222.8009
121.5619  151.0605
169.7035  103.8628
208.4056   81.2080
273.5383   84.0398
330.1755  106.6947
361.3260  150.1165
386.8127  204.8658
387.7566  266.2227
363.2139  330.4115
176.3112  282.2699
198.0221  275.6622
212.1814  286.9897
196.1342  288.8776
269.7625  288.8776
287.6976  278.4941
311.2965  287.9336
291.4735  295.4853
247.1077  287.9336
216.9012  347.4027
272.5944  354.0103
245.2198  357.7861
211.2375  399.3201
246.1637  387.9926
283.9218  408.7596
219.7330  417.2552
242.3879  417.2552
276.3702  417.2552