  3.1775000e+002  5.7625000e+002
  2.4275000e+002  5.5375000e+002
  1.9725000e+002  5.0825000e+002
  1.7675000e+002  4.5175000e+002
  1.6475000e+002  3.3675000e+002
  1.9375000e+002  2.2525000e+002
  2.6075000e+002  1.7275000e+002
  3.8775000e+002  1.7325000e+002
  4.4575000e+002  2.3975000e+002
  4.5875000e+002  3.3675000e+002
  4.4975000e+002  4.4975000e+002
  4.3525000e+002  5.1075000e+002
  3.9300000e+002  5.5400000e+002
  1.5525000e+002  4.4725000e+002
  1.2700000e+002  3.9400000e+002
  1.2775000e+002  3.3725000e+002
  1.2825000e+002  2.4325000e+002
  1.7125000e+002  1.4125000e+002
  2.5025000e+002  8.4750000e+001
  3.9875000e+002  1.0625000e+002
  4.7075000e+002  1.7825000e+002
  4.9075000e+002  2.5425000e+002
  4.9425000e+002  3.3325000e+002
  4.8775000e+002  3.9625000e+002
  4.7275000e+002  4.4275000e+002
  2.5125000e+002  3.2725000e+002
  3.8375000e+002  3.2425000e+002
  2.1375000e+002  2.9825000e+002
  2.5275000e+002  2.8375000e+002
  2.8875000e+002  2.9375000e+002
  3.4575000e+002  2.9425000e+002
  3.8675000e+002  2.8225000e+002
  4.2075000e+002  2.9575000e+002
  3.1975000e+002  3.1775000e+002
  2.7925000e+002  4.0925000e+002
  3.1825000e+002  3.9125000e+002
  3.5325000e+002  4.1025000e+002
  2.5925000e+002  4.6875000e+002
  3.1425000e+002  4.4575000e+002
  3.6275000e+002  4.7025000e+002
  2.8575000e+002  4.7775000e+002
  3.1425000e+002  4.8625000e+002
  3.4225000e+002  4.8225000e+002
