  2.4800000e+002  4.2800000e+002
  2.0100000e+002  4.1600000e+002
  1.7400000e+002  3.8800000e+002
  1.5900000e+002  3.4700000e+002
  1.5300000e+002  2.9500000e+002
  1.6300000e+002  2.3800000e+002
  2.0900000e+002  2.0900000e+002
  2.6200000e+002  2.0600000e+002
  3.0000000e+002  2.3800000e+002
  3.2600000e+002  2.9300000e+002
  3.2700000e+002  3.4900000e+002
  3.1400000e+002  3.8200000e+002
  2.8500000e+002  4.1600000e+002
  1.3800000e+002  3.4700000e+002
  1.2500000e+002  3.2100000e+002
  1.2200000e+002  2.9100000e+002
  1.2000000e+002  2.4100000e+002
  1.3700000e+002  1.9300000e+002
  1.8200000e+002  1.4500000e+002
  2.9200000e+002  1.4100000e+002
  3.3400000e+002  1.7800000e+002
  3.5500000e+002  2.2600000e+002
  3.6600000e+002  2.9100000e+002
  3.6100000e+002  3.2000000e+002
  3.4700000e+002  3.5000000e+002
  1.9800000e+002  2.8600000e+002
  2.8200000e+002  2.8600000e+002
  1.7425000e+002  2.8625000e+002
  1.9575000e+002  2.7425000e+002
  2.2325000e+002  2.8275000e+002
  2.6275000e+002  2.8475000e+002
  2.8525000e+002  2.7275000e+002
  3.0825000e+002  2.8475000e+002
  2.4125000e+002  2.7975000e+002
  2.1775000e+002  3.2825000e+002
  2.4475000e+002  3.4625000e+002
  2.6525000e+002  3.3225000e+002
  1.9975000e+002  3.5975000e+002
  2.4125000e+002  3.5625000e+002
  2.8325000e+002  3.5575000e+002
  2.1825000e+002  3.7375000e+002
  2.4175000e+002  3.7675000e+002
  2.6475000e+002  3.7325000e+002
