  3.2125000e+002  5.6725000e+002
  2.4225000e+002  5.4175000e+002
  1.9925000e+002  5.0575000e+002
  1.7675000e+002  4.5175000e+002
  1.6875000e+002  3.3225000e+002
  1.9375000e+002  2.2525000e+002
  2.5775000e+002  1.6975000e+002
  3.8775000e+002  1.7325000e+002
  4.4575000e+002  2.3975000e+002
  4.7125000e+002  3.3275000e+002
  4.6275000e+002  4.5725000e+002
  4.4075000e+002  5.0825000e+002
  3.9575000e+002  5.4475000e+002
  1.6625000e+002  4.4775000e+002
  1.5875000e+002  4.1125000e+002
  1.4475000e+002  3.4525000e+002
  1.3525000e+002  2.4325000e+002
  1.7975000e+002  1.5825000e+002
  2.5625000e+002  1.0975000e+002
  3.9175000e+002  1.1525000e+002
  4.6825000e+002  1.8675000e+002
  4.8775000e+002  2.6175000e+002
  4.9425000e+002  3.3325000e+002
  4.9125000e+002  3.9775000e+002
  4.7875000e+002  4.4275000e+002
  2.5025000e+002  3.2775000e+002
  3.8225000e+002  3.2375000e+002
  2.0325000e+002  3.0175000e+002
  2.4025000e+002  2.8275000e+002
  2.8325000e+002  2.9225000e+002
  3.4575000e+002  2.9325000e+002
  3.9275000e+002  2.7975000e+002
  4.3225000e+002  2.9325000e+002
  3.1275000e+002  3.1775000e+002
  2.7925000e+002  4.0925000e+002
  3.0975000e+002  3.8875000e+002
  3.5325000e+002  4.0875000e+002
  2.5925000e+002  4.6875000e+002
  3.1725000e+002  4.4375000e+002
  3.8025000e+002  4.6575000e+002
  2.8775000e+002  4.8925000e+002
  3.2025000e+002  5.0025000e+002
  3.5275000e+002  4.9175000e+002
