244.2500  425.5000
194.7500  412.0000
155.7500  382.0000
134.7500  338.5000
143.7500  250.0000
158.7500  202.0000
208.2500  175.0000
272.7500  176.5000
323.7500  206.5000
335.7500  263.5000
346.2500  341.5000
310.2500  388.0000
283.2500  412.0000
127.3441  336.9259
120.0437  306.5076
121.2605  266.3555
116.3935  195.7852
140.7281  134.9487
203.9981   97.2300
302.5532   99.6635
357.3061  148.3327
380.4240  222.5532
357.3061  305.2909
348.7890  333.2757
341.4886  356.3935
201.5646  271.2224
294.0361  271.2224
167.4962  248.1046
197.9144  237.1540
223.4658  248.1046
273.3517  248.1046
298.9030  246.8878
320.8042  257.8384
244.1502  267.5722
212.5152  319.8916
238.0665  327.1920
270.9183  319.8916
205.2148  363.6939
238.0665  352.7433
270.9183  363.6939
219.8156  379.5114
236.8498  381.9449
253.8840  378.2947