  3.4125000e+002  5.7125000e+002
  2.4704739e+002  5.3940232e+002
  1.9907834e+002  4.9143327e+002
  1.8408801e+002  4.3746809e+002
  1.6759865e+002  3.3253578e+002
  1.7659284e+002  2.2760348e+002
  2.3805319e+002  1.6314507e+002
  3.2949420e+002  1.5564990e+002
  4.2243424e+002  2.2010832e+002
  4.6425000e+002  3.0575000e+002
  4.6890426e+002  4.2547582e+002
  4.3892360e+002  5.0342553e+002
  3.9695068e+002  5.4389942e+002
  1.7209574e+002  4.3596905e+002
  1.3911702e+002  3.8500193e+002
  1.4225000e+002  3.1725000e+002
  1.0164120e+002  2.4109478e+002
  1.4511315e+002  1.5415087e+002
  2.1625000e+002  9.4750000e+001
  3.6075000e+002  7.6250000e+001
  4.3525000e+002  1.1925000e+002
  4.9325000e+002  2.1125000e+002
  4.9738588e+002  2.9805803e+002
  5.0488104e+002  3.7450870e+002
  4.7939749e+002  4.2247776e+002
  2.5754062e+002  3.2653965e+002
  3.8175000e+002  3.1575000e+002
  2.0057737e+002  2.9505996e+002
  2.4704739e+002  2.8156867e+002
  2.8152515e+002  2.9206190e+002
  3.6397195e+002  2.8906383e+002
  3.9994874e+002  2.7107544e+002
  4.3142843e+002  2.7857060e+002
  3.2050000e+002  3.2504062e+002
  2.8152515e+002  4.0748743e+002
  3.2825000e+002  3.9825000e+002
  3.7025000e+002  4.0275000e+002
  2.7402998e+002  4.6594971e+002
  3.3175000e+002  4.4925000e+002
  3.8945551e+002  4.5095938e+002
  2.9201838e+002  4.9143327e+002
  3.3375000e+002  5.0375000e+002
  3.6397195e+002  4.8543714e+002
