   2.5025000e+02   4.6875000e+02
   2.0475000e+02   4.5775000e+02
   1.7425000e+02   4.3425000e+02
   1.5575000e+02   3.9675000e+02
   1.4825000e+02   3.0375000e+02
   1.5125000e+02   2.2975000e+02
   2.0675000e+02   1.9825000e+02
   2.6625000e+02   1.9825000e+02
   3.2675000e+02   2.2375000e+02
   3.3375000e+02   3.0275000e+02
   3.3625000e+02   3.9225000e+02
   3.2325000e+02   4.2725000e+02
   2.9075000e+02   4.5625000e+02
   1.4125000e+02   4.0125000e+02
   1.2625000e+02   3.5775000e+02
   1.3075000e+02   3.2375000e+02
   1.1225000e+02   2.3825000e+02
   1.4675000e+02   1.6825000e+02
   1.9875000e+02   1.3825000e+02
   2.8025000e+02   1.4025000e+02
   3.3325000e+02   1.6825000e+02
   3.6275000e+02   2.2825000e+02
   3.5575000e+02   3.1525000e+02
   3.6175000e+02   3.4625000e+02
   3.4425000e+02   3.9575000e+02
   1.9575000e+02   3.0075000e+02
   2.9025000e+02   2.9975000e+02
   1.6075000e+02   2.8425000e+02
   1.9025000e+02   2.7075000e+02
   2.2625000e+02   2.7925000e+02
   2.6175000e+02   2.7975000e+02
   2.9775000e+02   2.6825000e+02
   3.2275000e+02   2.7625000e+02
   2.4575000e+02   2.8875000e+02
   2.1875000e+02   3.4875000e+02
   2.4675000e+02   3.5675000e+02
   2.7125000e+02   3.4875000e+02
   2.0925000e+02   4.0375000e+02
   2.4675000e+02   3.8525000e+02
   2.8025000e+02   4.0075000e+02
   2.2775000e+02   4.1575000e+02
   2.4675000e+02   4.1675000e+02
   2.6525000e+02   4.1425000e+02
