  3.0500000e+002  5.7300000e+002
  2.2900000e+002  5.4200000e+002
  1.8900000e+002  5.0200000e+002
  1.7200000e+002  4.3500000e+002
  1.6175000e+002  3.3675000e+002
  1.7700000e+002  2.5500000e+002
  2.4800000e+002  1.7500000e+002
  3.7000000e+002  1.8300000e+002
  4.5300000e+002  2.5600000e+002
  4.6725000e+002  3.4125000e+002
  4.5600000e+002  4.3900000e+002
  4.3800000e+002  5.0300000e+002
  3.9600000e+002  5.5000000e+002
  1.4500000e+002  4.4000000e+002
  1.2500000e+002  3.9300000e+002
  1.3100000e+002  3.2600000e+002
  1.4325000e+002  2.4725000e+002
  1.8175000e+002  1.6325000e+002
  2.4625000e+002  9.7750000e+001
  3.9375000e+002  9.8250000e+001
  4.6725000e+002  1.8275000e+002
  4.8800000e+002  2.6000000e+002
  5.0100000e+002  3.3600000e+002
  5.0700000e+002  3.9500000e+002
  4.8200000e+002  4.4600000e+002
  2.4500000e+002  3.2700000e+002
  3.8300000e+002  3.3000000e+002
  1.9900000e+002  2.9600000e+002
  2.4400000e+002  2.8000000e+002
  2.8600000e+002  2.9200000e+002
  3.4800000e+002  2.9200000e+002
  3.8700000e+002  2.8400000e+002
  4.2700000e+002  3.0500000e+002
  3.1400000e+002  3.2200000e+002
  2.7300000e+002  4.1400000e+002
  3.1600000e+002  3.9800000e+002
  3.5300000e+002  4.1800000e+002
  2.3300000e+002  4.4800000e+002
  3.1525000e+002  4.5525000e+002
  3.9000000e+002  4.5600000e+002
  2.7100000e+002  4.7600000e+002
  3.2000000e+002  4.9400000e+002
  3.5500000e+002  4.8400000e+002
