  3.1900000e+002  5.9100000e+002
  2.5600000e+002  5.7900000e+002
  2.0100000e+002  5.3300000e+002
  1.7300000e+002  4.6500000e+002
  1.5575000e+002  3.5275000e+002
  1.8900000e+002  2.7800000e+002
  2.7400000e+002  2.2100000e+002
  3.7700000e+002  2.1600000e+002
  4.5500000e+002  2.6900000e+002
  4.7600000e+002  3.4800000e+002
  4.6200000e+002  4.6200000e+002
  4.4100000e+002  5.3400000e+002
  3.9100000e+002  5.7200000e+002
  1.1100000e+002  4.8400000e+002
  8.1000000e+001  4.0800000e+002
  9.7750000e+001  3.3725000e+002
  8.9000000e+001  2.5900000e+002
  1.2425000e+002  1.4775000e+002
  2.1825000e+002  8.3250000e+001
  4.0025000e+002  7.2750000e+001
  5.0625000e+002  1.4575000e+002
  5.4800000e+002  2.4700000e+002
  5.4975000e+002  3.3525000e+002
  5.5800000e+002  4.1100000e+002
  5.3500000e+002  4.8400000e+002
  2.4825000e+002  3.2675000e+002
  3.8275000e+002  3.2675000e+002
  2.0400000e+002  2.9500000e+002
  2.4500000e+002  2.8500000e+002
  2.9400000e+002  2.9800000e+002
  3.4900000e+002  3.0100000e+002
  3.9300000e+002  2.9300000e+002
  4.4500000e+002  3.1000000e+002
  3.1600000e+002  3.3200000e+002
  2.7200000e+002  4.0900000e+002
  3.1600000e+002  3.9700000e+002
  3.5700000e+002  4.1400000e+002
  2.5900000e+002  4.8000000e+002
  3.1400000e+002  4.4700000e+002
  3.7400000e+002  4.7600000e+002
  2.7900000e+002  4.9000000e+002
  3.1800000e+002  4.9400000e+002
  3.4900000e+002  4.8900000e+002
