  3.2200000e+002  5.4100000e+002
  2.2600000e+002  5.2800000e+002
  1.9300000e+002  4.8400000e+002
  1.8200000e+002  4.3700000e+002
  1.7125000e+002  3.5225000e+002
  1.8200000e+002  2.9000000e+002
  2.4600000e+002  2.1800000e+002
  3.8100000e+002  2.1500000e+002
  4.4700000e+002  2.7500000e+002
  4.6025000e+002  3.5325000e+002
  4.5200000e+002  4.4100000e+002
  4.4500000e+002  4.8000000e+002
  4.1100000e+002  5.2500000e+002
  1.5600000e+002  4.5200000e+002
  1.3100000e+002  3.8900000e+002
  1.3800000e+002  3.4500000e+002
  1.2225000e+002  2.6225000e+002
  1.7525000e+002  1.6075000e+002
  2.4125000e+002  1.0675000e+002
  3.7375000e+002  1.0075000e+002
  4.5775000e+002  1.4275000e+002
  5.0625000e+002  2.2175000e+002
  4.9400000e+002  3.4800000e+002
  5.0500000e+002  3.8200000e+002
  4.7800000e+002  4.4900000e+002
  2.5000000e+002  3.2800000e+002
  3.7600000e+002  3.2600000e+002
  2.0200000e+002  3.0200000e+002
  2.2300000e+002  2.8400000e+002
  2.7500000e+002  2.9100000e+002
  3.4500000e+002  2.9300000e+002
  3.8400000e+002  2.9000000e+002
  4.2500000e+002  3.0200000e+002
  3.1400000e+002  3.1600000e+002
  2.7100000e+002  4.0400000e+002
  3.1100000e+002  3.8800000e+002
  3.5300000e+002  4.0300000e+002
  2.5700000e+002  4.6300000e+002
  3.1400000e+002  4.3700000e+002
  3.7400000e+002  4.5500000e+002
  2.8600000e+002  4.7300000e+002
  3.1600000e+002  4.7900000e+002
  3.3800000e+002  4.6900000e+002
