  3.0700000e+002  5.8700000e+002
  2.3300000e+002  5.6000000e+002
  1.8900000e+002  5.1800000e+002
  1.6300000e+002  4.5100000e+002
  1.6225000e+002  3.3375000e+002
  1.8400000e+002  2.4700000e+002
  2.5700000e+002  2.0300000e+002
  3.6300000e+002  1.9600000e+002
  4.4500000e+002  2.6800000e+002
  4.6225000e+002  3.3125000e+002
  4.5700000e+002  4.4100000e+002
  4.3300000e+002  5.0900000e+002
  3.9300000e+002  5.5400000e+002
  1.4225000e+002  4.4525000e+002
  1.2700000e+002  3.9400000e+002
  1.2875000e+002  3.3125000e+002
  1.0575000e+002  2.2875000e+002
  1.7575000e+002  1.2475000e+002
  2.5075000e+002  7.7250000e+001
  4.0025000e+002  9.0250000e+001
  4.8875000e+002  1.4675000e+002
  5.2175000e+002  2.4275000e+002
  4.9625000e+002  3.2475000e+002
  4.9300000e+002  3.9200000e+002
  4.8000000e+002  4.4200000e+002
  2.4900000e+002  3.2700000e+002
  3.8200000e+002  3.2700000e+002
  1.9400000e+002  2.8600000e+002
  2.4600000e+002  2.7600000e+002
  2.8300000e+002  2.8500000e+002
  3.4200000e+002  2.8700000e+002
  3.9100000e+002  2.7700000e+002
  4.3300000e+002  2.9000000e+002
  3.1600000e+002  3.0600000e+002
  2.7500000e+002  4.1600000e+002
  3.1300000e+002  4.1000000e+002
  3.4600000e+002  4.2100000e+002
  2.5700000e+002  4.8400000e+002
  3.1900000e+002  4.6700000e+002
  3.6000000e+002  4.8500000e+002
  2.8000000e+002  4.9900000e+002
  3.1000000e+002  5.0600000e+002
  3.4100000e+002  4.9900000e+002
