  3.2300000e+002  5.8900000e+002
  2.4200000e+002  5.5700000e+002
  1.8100000e+002  4.9800000e+002
  1.6000000e+002  4.4000000e+002
  1.5875000e+002  3.2825000e+002
  1.9500000e+002  2.2400000e+002
  2.5900000e+002  1.6300000e+002
  3.8800000e+002  1.7600000e+002
  4.3900000e+002  2.3600000e+002
  4.5300000e+002  3.2700000e+002
  4.5500000e+002  4.1600000e+002
  4.3700000e+002  4.8500000e+002
  3.9200000e+002  5.4600000e+002
  1.4200000e+002  4.1400000e+002
  1.3400000e+002  3.7900000e+002
  1.3700000e+002  3.3500000e+002
  1.3425000e+002  2.1825000e+002
  1.9225000e+002  1.2225000e+002
  2.7025000e+002  7.6250000e+001
  3.8625000e+002  7.9750000e+001
  4.6475000e+002  1.5325000e+002
  4.7400000e+002  2.2800000e+002
  4.6500000e+002  3.2900000e+002
  4.6400000e+002  3.7000000e+002
  4.6000000e+002  4.0700000e+002
  2.5000000e+002  3.2900000e+002
  3.8400000e+002  3.3100000e+002
  2.0000000e+002  2.9800000e+002
  2.3800000e+002  2.8200000e+002
  2.8200000e+002  2.8700000e+002
  3.5400000e+002  2.9200000e+002
  3.9700000e+002  2.8700000e+002
  4.3500000e+002  3.0300000e+002
  3.2300000e+002  3.1900000e+002
  2.8000000e+002  4.1900000e+002
  3.2175000e+002  4.1125000e+002
  3.5575000e+002  4.1825000e+002
  2.5500000e+002  4.6900000e+002
  3.1700000e+002  4.6100000e+002
  3.7400000e+002  4.7600000e+002
  2.9200000e+002  5.0000000e+002
  3.1900000e+002  5.0600000e+002
  3.5000000e+002  5.0100000e+002
