  3.2300000e+002  5.7500000e+002
  2.5300000e+002  5.6300000e+002
  1.8900000e+002  5.2700000e+002
  1.5500000e+002  4.6800000e+002
  1.5275000e+002  3.5175000e+002
  1.8500000e+002  2.2900000e+002
  2.8000000e+002  1.8300000e+002
  3.8700000e+002  1.8300000e+002
  4.4900000e+002  2.3000000e+002
  4.7625000e+002  3.3425000e+002
  4.7600000e+002  4.5500000e+002
  4.5400000e+002  5.1100000e+002
  4.0500000e+002  5.5100000e+002
  1.4200000e+002  4.6400000e+002
  1.2900000e+002  4.0900000e+002
  1.1800000e+002  3.6000000e+002
  1.1925000e+002  2.2175000e+002
  1.9075000e+002  1.1425000e+002
  2.8775000e+002  7.0250000e+001
  4.2775000e+002  1.0475000e+002
  4.8525000e+002  1.5875000e+002
  5.1700000e+002  2.5800000e+002
  5.1500000e+002  3.3300000e+002
  5.0100000e+002  4.0900000e+002
  4.9200000e+002  4.5700000e+002
  2.4300000e+002  3.2800000e+002
  3.9125000e+002  3.2625000e+002
  1.8700000e+002  2.9100000e+002
  2.3700000e+002  2.7800000e+002
  2.8000000e+002  2.9000000e+002
  3.4900000e+002  2.8700000e+002
  3.9600000e+002  2.7600000e+002
  4.4600000e+002  2.8700000e+002
  3.2075000e+002  3.2275000e+002
  2.8375000e+002  4.1975000e+002
  3.2475000e+002  4.0075000e+002
  3.6600000e+002  4.1500000e+002
  2.7500000e+002  4.9000000e+002
  3.2475000e+002  4.5825000e+002
  3.7700000e+002  4.8500000e+002
  2.9600000e+002  5.0200000e+002
  3.3100000e+002  5.1000000e+002
  3.6300000e+002  4.9900000e+002
