   3.1905856e+02   5.9268468e+02
   2.3545495e+02   5.7250450e+02
   1.8068018e+02   5.4367568e+02
   1.5728941e+02   4.9413695e+02
   1.4727649e+02   3.5595866e+02
   1.8132041e+02   2.7385271e+02
   2.3138501e+02   2.2579070e+02
   3.1349096e+02   1.8774160e+02
   4.2964083e+02   2.4581654e+02
   4.6768992e+02   3.4394315e+02
   4.7169509e+02   4.6810336e+02
   4.5166925e+02   5.2617829e+02
   3.9759948e+02   5.7624289e+02
   1.3325840e+02   4.8412403e+02
   1.1323256e+02   4.3205685e+02
   1.1323256e+02   3.5996382e+02
   1.2124289e+02   2.5783204e+02
   1.7931783e+02   1.8373643e+02
   2.5141085e+02   1.2165633e+02
   3.6155297e+02   1.2165633e+02
   4.3164341e+02   1.7973127e+02
   4.7369767e+02   2.3179845e+02
   4.9572610e+02   3.3192765e+02
   4.9372351e+02   4.1002842e+02
   4.8971835e+02   4.5008010e+02
   2.3739276e+02   3.3593282e+02
   3.7356848e+02   3.2992506e+02
   2.1406867e+02   2.9206190e+02
   2.5304352e+02   2.7857060e+02
   2.9951354e+02   2.9505996e+02
   3.3499130e+02   2.9406190e+02
   3.8046132e+02   2.7257447e+02
   4.2843037e+02   2.9356093e+02
   3.1800000e+02   3.1800000e+02
   2.7300000e+02   4.0200000e+02
   3.2100000e+02   3.7900000e+02
   3.6700000e+02   3.9500000e+02
   2.6200000e+02   4.6200000e+02
   3.2200000e+02   4.3300000e+02
   3.8500000e+02   4.5800000e+02
   2.9400000e+02   4.8400000e+02
   3.2600000e+02   4.8500000e+02
   3.5900000e+02   4.7600000e+02
