   3.0350000e+02   5.8700000e+02
   2.3750000e+02   5.4700000e+02
   1.8994900e+02   4.9229074e+02
   1.6750000e+02   4.3700000e+02
   1.5750000e+02   3.2100000e+02
   1.7550000e+02   2.4500000e+02
   2.4950000e+02   1.7500000e+02
   3.7750000e+02   1.8300000e+02
   4.3750000e+02   2.3500000e+02
   4.5350000e+02   3.1700000e+02
   4.4350000e+02   4.2900000e+02
   4.2350000e+02   4.9300000e+02
   3.7950000e+02   5.4500000e+02
   1.3950000e+02   4.2300000e+02
   1.0750000e+02   3.7500000e+02
   1.1350000e+02   3.2100000e+02
   1.0550000e+02   2.3700000e+02
   1.5950000e+02   1.2300000e+02
   2.2550000e+02   8.7000000e+01
   3.8750000e+02   8.9000000e+01
   4.5150000e+02   1.4100000e+02
   4.9150000e+02   2.3700000e+02
   4.9750000e+02   3.1700000e+02
   4.9550000e+02   3.7900000e+02
   4.7500000e+02   4.2200000e+02
   2.5000000e+02   3.2600000e+02
   3.7900000e+02   3.2600000e+02
   2.0700000e+02   2.9600000e+02
   2.4400000e+02   2.8300000e+02
   2.7600000e+02   2.9100000e+02
   3.5100000e+02   2.9500000e+02
   3.8500000e+02   2.8300000e+02
   4.2400000e+02   2.9500000e+02
   3.1524795e+02   3.2872685e+02
   2.6647890e+02   4.0750762e+02
   3.1149648e+02   4.1050879e+02
   3.5801465e+02   4.1125909e+02
   2.5500000e+02   4.6500000e+02
   3.1500000e+02   4.5900000e+02
   3.6600000e+02   4.6600000e+02
   2.8700000e+02   4.8000000e+02
   3.1200000e+02   4.8600000e+02
   3.3900000e+02   4.8300000e+02
