   3.4148646e+02   5.6638491e+02
   2.4704739e+02   5.3940232e+02
   1.9907834e+02   4.9143327e+02
   1.8408801e+02   4.3746809e+02
   1.6759865e+02   3.3253578e+02
   1.7659284e+02   2.2760348e+02
   2.3805319e+02   1.6314507e+02
   3.2949420e+02   1.5564990e+02
   4.2243424e+02   2.2010832e+02
   4.6290812e+02   2.9955706e+02
   4.6890426e+02   4.2547582e+02
   4.3892360e+02   5.0342553e+02
   3.9695068e+02   5.4389942e+02
   1.7209574e+02   4.3596905e+02
   1.3911702e+02   3.8500193e+02
   1.4811122e+02   3.1604642e+02
   1.0164120e+02   2.4109478e+02
   1.4511315e+02   1.5415087e+02
   2.2006480e+02   1.0018569e+02
   3.5647679e+02   8.2197292e+01
   4.2693133e+02   1.2716828e+02
   4.7939749e+02   2.1711025e+02
   4.9738588e+02   2.9805803e+02
   5.0488104e+02   3.7450870e+02
   4.7939749e+02   4.2247776e+02
   2.5754062e+02   3.2653965e+02
   3.8345938e+02   3.1454739e+02
   2.0057737e+02   2.9505996e+02
   2.4704739e+02   2.8156867e+02
   2.8152515e+02   2.9206190e+02
   3.6397195e+02   2.8906383e+02
   3.9994874e+02   2.7107544e+02
   4.3142843e+02   2.7857060e+02
   3.2050000e+02   3.2504062e+02
   2.8152515e+02   4.0748743e+02
   3.2649613e+02   4.1947969e+02
   3.6846905e+02   4.0149130e+02
   2.7402998e+02   4.6594971e+02
   3.3249226e+02   4.5245841e+02
   3.8945551e+02   4.5095938e+02
   2.9201838e+02   4.9143327e+02
   3.3099323e+02   5.0042747e+02
   3.6397195e+02   4.8543714e+02
