   3.1900000e+02   5.9100000e+02
   2.5600000e+02   5.7900000e+02
   2.0100000e+02   5.3300000e+02
   1.7300000e+02   4.6500000e+02
   1.7200000e+02   3.6800000e+02
   1.8900000e+02   2.7800000e+02
   2.7400000e+02   2.2100000e+02
   3.7700000e+02   2.1600000e+02
   4.5500000e+02   2.6900000e+02
   4.7600000e+02   3.4800000e+02
   4.6200000e+02   4.6200000e+02
   4.4100000e+02   5.3400000e+02
   3.9100000e+02   5.7200000e+02
   1.1100000e+02   4.8400000e+02
   8.1000000e+01   4.0800000e+02
   7.1000000e+01   3.3600000e+02
   8.9000000e+01   2.5900000e+02
   1.3200000e+02   1.5800000e+02
   2.2200000e+02   9.8000000e+01
   3.9500000e+02   8.1000000e+01
   4.9100000e+02   1.4800000e+02
   5.4800000e+02   2.4700000e+02
   5.6300000e+02   3.3400000e+02
   5.5800000e+02   4.1100000e+02
   5.3500000e+02   4.8400000e+02
   2.4700000e+02   3.3000000e+02
   3.8600000e+02   3.3100000e+02
   2.0400000e+02   2.9500000e+02
   2.4500000e+02   2.8500000e+02
   2.9400000e+02   2.9800000e+02
   3.4900000e+02   3.0100000e+02
   3.9300000e+02   2.9300000e+02
   4.4500000e+02   3.1000000e+02
   3.1600000e+02   3.3200000e+02
   2.7200000e+02   4.0900000e+02
   3.1600000e+02   3.9700000e+02
   3.5700000e+02   4.1400000e+02
   2.5900000e+02   4.8000000e+02
   3.1400000e+02   4.4700000e+02
   3.7400000e+02   4.7600000e+02
   2.7900000e+02   4.9000000e+02
   3.1800000e+02   4.9400000e+02
   3.4900000e+02   4.8900000e+02
