   3.2200000e+02   5.4100000e+02
   2.2600000e+02   5.2800000e+02
   1.9300000e+02   4.8400000e+02
   1.8200000e+02   4.3700000e+02
   1.7600000e+02   3.5000000e+02
   1.8200000e+02   2.9000000e+02
   2.4600000e+02   2.1800000e+02
   3.8100000e+02   2.1500000e+02
   4.4700000e+02   2.7500000e+02
   4.5600000e+02   3.5400000e+02
   4.5200000e+02   4.4100000e+02
   4.4500000e+02   4.8000000e+02
   4.1100000e+02   5.2500000e+02
   1.5600000e+02   4.5200000e+02
   1.3100000e+02   3.8900000e+02
   1.3800000e+02   3.4500000e+02
   1.3700000e+02   2.6600000e+02
   1.7700000e+02   1.6100000e+02
   2.4200000e+02   1.1900000e+02
   3.6800000e+02   1.0700000e+02
   4.4300000e+02   1.5000000e+02
   5.0000000e+02   2.2500000e+02
   4.9400000e+02   3.4800000e+02
   5.0500000e+02   3.8200000e+02
   4.7800000e+02   4.4900000e+02
   2.5000000e+02   3.2800000e+02
   3.7600000e+02   3.2600000e+02
   2.0200000e+02   3.0200000e+02
   2.2300000e+02   2.8400000e+02
   2.7500000e+02   2.9100000e+02
   3.4500000e+02   2.9300000e+02
   3.8400000e+02   2.9000000e+02
   4.2500000e+02   3.0200000e+02
   3.1400000e+02   3.1600000e+02
   2.7100000e+02   4.0400000e+02
   3.1100000e+02   3.8800000e+02
   3.5300000e+02   4.0300000e+02
   2.5700000e+02   4.6300000e+02
   3.1400000e+02   4.3700000e+02
   3.7400000e+02   4.5500000e+02
   2.8600000e+02   4.7300000e+02
   3.1600000e+02   4.7900000e+02
   3.3800000e+02   4.6900000e+02
