   3.3100000e+02   5.7800000e+02
   2.4100000e+02   5.5600000e+02
   1.9400000e+02   5.1400000e+02
   1.7100000e+02   4.5600000e+02
   1.5900000e+02   3.9700000e+02
   1.5400000e+02   3.3200000e+02
   1.7500000e+02   2.7700000e+02
   3.1200000e+02   2.6400000e+02
   4.1500000e+02   2.6500000e+02
   4.5700000e+02   3.3800000e+02
   4.4700000e+02   4.3000000e+02
   4.3700000e+02   4.8600000e+02
   4.0800000e+02   5.4700000e+02
   1.3800000e+02   4.5100000e+02
   1.1700000e+02   3.9600000e+02
   1.1600000e+02   3.6000000e+02
   1.0600000e+02   3.1200000e+02
   1.0800000e+02   2.5500000e+02
   1.3900000e+02   1.7500000e+02
   2.5100000e+02   1.1400000e+02
   3.8800000e+02   1.2200000e+02
   4.7800000e+02   1.8200000e+02
   4.8900000e+02   2.5900000e+02
   4.9300000e+02   3.2400000e+02
   4.9100000e+02   3.9400000e+02
   2.4400000e+02   3.3400000e+02
   3.9200000e+02   3.2500000e+02
   1.9600000e+02   3.0500000e+02
   2.3000000e+02   2.9300000e+02
   2.7300000e+02   3.0100000e+02
   3.7300000e+02   2.9700000e+02
   4.1800000e+02   2.8500000e+02
   4.5200000e+02   3.1000000e+02
   3.2700000e+02   4.0600000e+02
   2.8600000e+02   4.2600000e+02
   3.2500000e+02   4.4000000e+02
   3.5400000e+02   4.3800000e+02
   2.7100000e+02   4.9100000e+02
   3.2600000e+02   4.8000000e+02
   3.7900000e+02   4.9100000e+02
   3.0700000e+02   5.0500000e+02
   3.3800000e+02   5.1500000e+02
   3.5600000e+02   5.0400000e+02
