  327.0000  604.0000
  271.0000  595.0000
  191.0000  530.0000
  167.0000  475.0000
  146.0000  305.0000
  160.0000  246.0000
  240.0000  203.0000
  367.0000  210.0000
  453.0000  245.0000
  466.0000  305.0000
  453.0000  466.0000
  434.0000  526.0000
  388.0000  588.0000
  141.0000  468.0000
  115.0000  425.0000
  106.0000  360.0000
   83.0000  221.0000
  157.0000  113.0000
  235.0000   73.0000
  367.0000   79.0000
  453.0000  129.0000
  500.0000  211.0000
  496.0000  354.0000
  493.0000  411.0000
  470.0000  460.0000
  244.0000  328.0000
  388.0000  324.0000
  184.0000  301.0000
  231.0000  288.0000
  278.0000  297.0000
  364.0000  296.0000
  402.0000  286.0000
  446.0000  298.0000
  322.0000  324.0000
  286.0000  431.0000
  326.0000  418.0000
  363.0000  428.0000
  274.0000  494.0000
  325.0000  472.0000
  376.0000  490.0000
  302.0000  503.0000
  325.0000  507.0000
  349.0000  504.0000