   3.1200000e+02   5.9700000e+02
   2.4900000e+02   5.9100000e+02
   1.6700000e+02   5.3100000e+02
   1.5100000e+02   4.6300000e+02
   1.4600000e+02   3.2000000e+02
   1.6200000e+02   2.0800000e+02
   2.3500000e+02   1.5000000e+02
   3.7100000e+02   1.4600000e+02
   4.4000000e+02   2.1000000e+02
   4.6200000e+02   3.1900000e+02
   4.6500000e+02   4.6700000e+02
   4.3700000e+02   5.5000000e+02
   3.7500000e+02   5.9000000e+02
   1.2900000e+02   4.6700000e+02
   1.0700000e+02   4.0600000e+02
   1.1500000e+02   3.4100000e+02
   9.3000000e+01   2.4100000e+02
   1.3200000e+02   1.3100000e+02
   2.3300000e+02   6.9000000e+01
   3.7200000e+02   6.3000000e+01
   4.7900000e+02   1.3500000e+02
   5.0900000e+02   2.4200000e+02
   4.9500000e+02   3.3400000e+02
   5.0300000e+02   4.0700000e+02
   4.8000000e+02   4.6700000e+02
   2.3300000e+02   3.3000000e+02
   3.7700000e+02   3.2500000e+02
   1.8300000e+02   2.9800000e+02
   2.2400000e+02   2.8700000e+02
   2.6600000e+02   2.8900000e+02
   3.3700000e+02   2.9200000e+02
   3.7700000e+02   2.8400000e+02
   4.2100000e+02   2.9500000e+02
   3.0400000e+02   3.0400000e+02
   2.6400000e+02   4.0100000e+02
   3.0500000e+02   3.7700000e+02
   3.4700000e+02   4.0600000e+02
   2.5100000e+02   4.7600000e+02
   3.0800000e+02   4.5300000e+02
   3.7300000e+02   4.7600000e+02
   2.7800000e+02   4.9100000e+02
   3.0800000e+02   4.9200000e+02
   3.4500000e+02   4.9100000e+02
