   3.1074619e+02   5.7557327e+02
   2.2746366e+02   5.5081360e+02
   1.7944490e+02   5.0129426e+02
   1.6819050e+02   4.4652286e+02
   1.5468523e+02   3.4073154e+02
   1.8094549e+02   2.3869168e+02
   2.5747538e+02   1.8091911e+02
   3.8727608e+02   1.8917233e+02
   4.4279777e+02   2.4244314e+02
   4.6080481e+02   3.3397890e+02
   4.5030070e+02   4.4127081e+02
   4.3079308e+02   5.1179836e+02
   3.7902286e+02   5.5756624e+02
   1.4793259e+02   4.4202110e+02
   1.2692438e+02   3.9625322e+02
   1.2317292e+02   3.3322860e+02
   1.0741676e+02   2.4019226e+02
   1.4418113e+02   1.2689801e+02
   2.1020692e+02   6.1622509e+01
   4.1053517e+02   5.1868699e+01
   4.9006624e+02   1.2089566e+02
   5.2457972e+02   2.2443611e+02
   5.0882356e+02   3.3998124e+02
   5.0057034e+02   4.0375615e+02
   4.7881184e+02   4.5327550e+02
   2.4922216e+02   3.2572567e+02
   3.8127374e+02   3.2722626e+02
   2.0045311e+02   2.8370926e+02
   2.4321981e+02   2.7470574e+02
   2.8598652e+02   2.8220868e+02
   3.4450938e+02   2.9046190e+02
   3.8652579e+02   2.7845721e+02
   4.2479074e+02   2.9721454e+02
   3.1524795e+02   3.2947714e+02
   2.7548242e+02   4.0825791e+02
   3.0999590e+02   4.1951231e+02
   3.4976143e+02   4.1125909e+02
   2.5447421e+02   4.7878546e+02
   3.1074619e+02   4.6528019e+02
   3.6551758e+02   4.7953576e+02
   2.7698300e+02   4.9604220e+02
   3.0999590e+02   5.0654631e+02
   3.4225850e+02   4.9604220e+02
