  323.0000  589.0000
  242.0000  557.0000
  181.0000  498.0000
  160.0000  440.0000
  163.0000  305.0000
  195.0000  224.0000
  259.0000  163.0000
  388.0000  176.0000
  439.0000  236.0000
  453.0000  327.0000
  455.0000  416.0000
  437.0000  485.0000
  392.0000  546.0000
  142.0000  414.0000
  134.0000  379.0000
  137.0000  335.0000
  141.0000  219.0000
  202.0000  128.0000
  271.0000   83.0000
  384.0000   91.0000
  453.0000  164.0000
  474.0000  228.0000
  465.0000  329.0000
  464.0000  370.0000
  460.0000  407.0000
  250.0000  329.0000
  384.0000  331.0000
  200.0000  298.0000
  238.0000  282.0000
  282.0000  287.0000
  354.0000  292.0000
  397.0000  287.0000
  435.0000  303.0000
  323.0000  319.0000
  280.0000  419.0000
  322.0000  428.0000
  358.0000  420.0000
  255.0000  469.0000
  317.0000  461.0000
  374.0000  476.0000
  292.0000  500.0000
  319.0000  506.0000
  350.0000  501.0000

