   3.3231918e+002   5.6359912e+002
   2.6815796e+002   5.4671460e+002
   1.9386601e+002   5.0281482e+002
   1.7494315e+002   4.4802344e+002
   1.6443904e+002   3.2647595e+002
   1.8169579e+002   2.3644080e+002
   2.4697128e+002   1.8842204e+002
   3.8877667e+002   1.8992262e+002
   4.3379425e+002   2.4694490e+002
   4.5705334e+002   3.1297070e+002
   4.6905804e+002   4.1200937e+002
   4.5705334e+002   4.9454163e+002
   4.0829956e+002   5.3827234e+002
   1.4658932e+002   4.4034204e+002
   1.3308170e+002   3.9306537e+002
   1.1619717e+002   3.6098474e+002
   1.0437800e+002   2.3435077e+002
   1.4658932e+002   1.1953595e+002
   2.4451961e+002   5.1997822e+001
   3.8634967e+002   5.8751633e+001
   4.5726471e+002   1.0940523e+002
   4.9947604e+002   2.2928540e+002
   5.0116449e+002   3.3396951e+002
   4.9103378e+002   3.7955774e+002
   4.8631476e+002   4.1125909e+002
   2.4283116e+002   3.3903485e+002
   3.8877667e+002   3.2647595e+002
   2.0645544e+002   3.1372098e+002
   2.4021864e+002   2.9721454e+002
   2.7698300e+002   3.0621805e+002
   3.4600998e+002   2.9796484e+002
   3.8502521e+002   2.7545602e+002
   4.2704163e+002   2.8971161e+002
   3.1149649e+002   3.2122391e+002
   2.8973798e+002   4.2101291e+002
   3.2875323e+002   4.1501056e+002
   3.6626788e+002   4.1576083e+002
   2.6872977e+002   4.7878546e+002
   3.3400528e+002   4.6077844e+002
   3.9327844e+002   4.6753107e+002
   3.0699472e+002   4.9304105e+002
   3.3475555e+002   4.9529190e+002
   3.5801465e+002   4.8928958e+002