   3.2300000e+02   5.7500000e+02
   2.5300000e+02   5.6300000e+02
   1.8900000e+02   5.2700000e+02
   1.5500000e+02   4.6800000e+02
   1.5800000e+02   3.1700000e+02
   1.8500000e+02   2.2900000e+02
   2.8000000e+02   1.8300000e+02
   3.8700000e+02   1.8300000e+02
   4.4900000e+02   2.3000000e+02
   4.7200000e+02   3.1500000e+02
   4.7600000e+02   4.5500000e+02
   4.5400000e+02   5.1100000e+02
   4.0500000e+02   5.5100000e+02
   1.4200000e+02   4.6400000e+02
   1.2900000e+02   4.0900000e+02
   1.1800000e+02   3.6000000e+02
   1.2500000e+02   2.2400000e+02
   2.0000000e+02   1.2100000e+02
   3.0400000e+02   7.8000000e+01
   4.2900000e+02   1.2400000e+02
   4.8300000e+02   1.6400000e+02
   5.1700000e+02   2.5800000e+02
   5.1500000e+02   3.3300000e+02
   5.0100000e+02   4.0900000e+02
   4.9200000e+02   4.5700000e+02
   2.4300000e+02   3.2800000e+02
   3.9300000e+02   3.2500000e+02
   1.8700000e+02   2.9100000e+02
   2.3700000e+02   2.7800000e+02
   2.8000000e+02   2.9000000e+02
   3.4900000e+02   2.8700000e+02
   3.9600000e+02   2.7600000e+02
   4.4600000e+02   2.8700000e+02
   3.2000000e+02   3.2600000e+02
   2.8200000e+02   4.1500000e+02
   3.3300000e+02   4.2400000e+02
   3.6600000e+02   4.1500000e+02
   2.7500000e+02   4.9000000e+02
   3.2500000e+02   4.6400000e+02
   3.7700000e+02   4.8500000e+02
   2.9600000e+02   5.0200000e+02
   3.3100000e+02   5.1000000e+02
   3.6300000e+02   4.9900000e+02
