   3.3232347e+02   6.2381263e+02
   2.3116708e+02   5.8308733e+02
   1.6810855e+02   5.1214648e+02
   1.4971648e+02   4.2544100e+02
   1.6022624e+02   3.2034345e+02
   1.5891252e+02   2.2969682e+02
   2.2985336e+02   1.2591299e+02
   4.0589176e+02   1.2591299e+02
   4.7289145e+02   2.1130475e+02
   4.8602864e+02   3.1640229e+02
   5.0047955e+02   4.3989191e+02
   4.8471492e+02   5.2528367e+02
   4.3873474e+02   5.7783245e+02
   1.4446161e+02   4.2544100e+02
   1.4183417e+02   3.8997058e+02
   1.3132441e+02   3.4793156e+02
   1.3395185e+02   2.2181450e+02
   1.6022624e+02   1.5481481e+02
   2.4036312e+02   8.6501406e+01
   3.9538200e+02   8.5187686e+01
   4.8602864e+02   1.5612853e+02
   5.2806766e+02   2.6385352e+02
   5.1887162e+02   3.3610809e+02
   5.2675394e+02   3.7683339e+02
   5.0836187e+02   4.4383307e+02
   2.4685234e+02   3.2568275e+02
   3.8508333e+02   3.2115058e+02
   1.9246637e+02   3.0528801e+02
   2.4005409e+02   2.8715936e+02
   2.8084357e+02   2.9395760e+02
   3.4655994e+02   2.9395760e+02
   3.9867982e+02   2.8489327e+02
   4.3267105e+02   3.0528801e+02
   3.1483480e+02   3.1435234e+02
   2.7177924e+02   4.0952778e+02
   3.2163304e+02   4.1859211e+02
   3.6695468e+02   4.0499561e+02
   2.4232018e+02   4.6391374e+02
   3.2389912e+02   4.5031725e+02
   4.0547807e+02   4.5484942e+02
   2.7631140e+02   4.9337281e+02
   3.2616520e+02   5.0923538e+02
   3.7148684e+02   4.9110673e+02
