   3.1300000e+02   5.6400000e+02
   2.3100000e+02   5.1700000e+02
   1.8700000e+02   4.7300000e+02
   1.7100000e+02   3.8300000e+02
   1.6600000e+02   2.9600000e+02
   1.9300000e+02   2.1800000e+02
   2.5700000e+02   1.5000000e+02
   3.6900000e+02   1.5500000e+02
   4.3400000e+02   2.2900000e+02
   4.5500000e+02   3.0200000e+02
   4.5200000e+02   3.9700000e+02
   4.4000000e+02   4.6800000e+02
   3.8900000e+02   5.2300000e+02
   1.4700000e+02   3.7900000e+02
   1.3300000e+02   3.3900000e+02
   1.4600000e+02   2.9900000e+02
   1.2600000e+02   2.0000000e+02
   1.7700000e+02   1.0300000e+02
   2.6500000e+02   5.9000000e+01
   3.6700000e+02   6.2000000e+01
   4.4900000e+02   1.0600000e+02
   5.1100000e+02   2.2000000e+02
   4.7300000e+02   2.9300000e+02
   4.9200000e+02   3.4600000e+02
   4.7700000e+02   3.8600000e+02
   2.4500000e+02   3.3600000e+02
   3.8100000e+02   3.4100000e+02
   2.0400000e+02   3.2600000e+02
   2.4300000e+02   3.1300000e+02
   2.7300000e+02   3.3200000e+02
   3.5300000e+02   3.3200000e+02
   3.8200000e+02   3.1800000e+02
   4.1900000e+02   3.3200000e+02
   3.0900000e+02   3.2200000e+02
   2.7200000e+02   4.1200000e+02
   3.1300000e+02   4.2800000e+02
   3.5200000e+02   4.1200000e+02
   2.5200000e+02   4.7100000e+02
   3.1100000e+02   4.5300000e+02
   3.7200000e+02   4.7400000e+02
   2.8800000e+02   4.9200000e+02
   3.1400000e+02   4.9800000e+02
   3.3500000e+02   4.9600000e+02
