   3.0624443e+02   5.9207972e+02
   2.2821395e+02   5.6431887e+02
   1.6894080e+02   5.0429543e+02
   1.5243435e+02   4.1951231e+02
   1.5243435e+02   3.0546776e+02
   1.6969109e+02   2.2218523e+02
   2.4021864e+02   1.7341618e+02
   3.6701817e+02   1.7566706e+02
   4.3829601e+02   2.3418992e+02
   4.5330188e+02   3.0621805e+02
   4.4880012e+02   4.2251348e+02
   4.3304396e+02   5.0354513e+02
   3.7977315e+02   5.6656975e+02
   1.1116823e+02   4.2626495e+02
   9.0160023e+01   3.7974678e+02
   9.3161196e+01   3.2272450e+02
   7.9655920e+01   2.1468230e+02
   1.2917526e+02   1.1564361e+02
   2.4697128e+02   1.8855803e+01
   4.0528312e+02   7.2126612e+01
   4.8856565e+02   1.3815240e+02
   4.9156682e+02   2.1243142e+02
   4.9306741e+02   3.1597186e+02
   4.9531829e+02   3.7674560e+02
   4.6980832e+02   4.2926612e+02
   2.4171923e+02   3.2797655e+02
   3.7827257e+02   3.2572567e+02
   1.9144959e+02   2.9046190e+02
   2.3571688e+02   2.6795311e+02
   2.7773329e+02   2.8370926e+02
   3.5051172e+02   2.8295897e+02
   3.9102755e+02   2.6495193e+02
   4.2929250e+02   2.8896131e+02
   3.1524795e+02   3.1972333e+02
   2.6722919e+02   4.1350996e+02
   3.1224678e+02   3.9175147e+02
   3.5801465e+02   4.1951231e+02
   2.5297362e+02   4.9003986e+02
   3.1299707e+02   4.7203283e+02
   3.6026553e+02   4.8778898e+02
   2.8673681e+02   5.0654631e+02
   3.1074619e+02   5.1554982e+02
   3.3700645e+02   5.0879719e+02