   3.1524795e+02   5.8832825e+02
   2.6347773e+02   5.7107151e+02
   1.9970281e+02   5.0429543e+02
   1.7644373e+02   4.3601876e+02
   1.5693611e+02   3.1972333e+02
   1.9370047e+02   2.1918406e+02
   2.5072274e+02   1.4715592e+02
   3.5801465e+02   1.4415475e+02
   4.3454455e+02   2.2593669e+02
   4.5555275e+02   3.2797655e+02
   4.4354807e+02   4.3676905e+02
   4.2404045e+02   5.0729660e+02
   3.6701817e+02   5.7182181e+02
   1.5168406e+02   4.3676905e+02
   1.3367702e+02   3.8424853e+02
   1.3367702e+02   3.3773036e+02
   1.2692438e+02   2.0717937e+02
   1.6894080e+02   1.1564361e+02
   2.6647890e+02   7.2126612e+01
   3.6926905e+02   7.0626026e+01
   4.3529484e+02   1.1189215e+02
   4.9681887e+02   2.2368581e+02
   4.8931594e+02   3.4148183e+02
   4.8181301e+02   3.9925440e+02
   4.6680715e+02   4.4352169e+02
   2.4096893e+02   3.2647597e+02
   3.7752227e+02   3.2572567e+02
   1.9069930e+02   2.9571395e+02
   2.3346600e+02   2.8671043e+02
   2.8148476e+02   2.9721454e+02
   3.3325498e+02   2.9121219e+02
   3.8727608e+02   2.8220868e+02
   4.2704162e+02   2.9271278e+02
   3.1149648e+02   3.2422509e+02
   2.7548242e+02   4.1275967e+02
   3.1074619e+02   4.1951231e+02
   3.4751055e+02   4.1651114e+02
   2.6122685e+02   4.7878546e+02
   3.1074619e+02   4.7053224e+02
   3.6326671e+02   4.7803517e+02
   2.8148476e+02   4.9229074e+02
   3.1074619e+02   4.9454162e+02
   3.4075791e+02   4.9454162e+02
