   3.2500000e+02   5.7200000e+02
   2.8500000e+02   5.6400000e+02
   2.1800000e+02   5.1600000e+02
   1.8300000e+02   4.4600000e+02
   1.7500000e+02   3.5100000e+02
   1.8300000e+02   2.9000000e+02
   2.3900000e+02   2.0100000e+02
   3.8400000e+02   1.9400000e+02
   4.4200000e+02   2.8100000e+02
   4.5800000e+02   3.4300000e+02
   4.5900000e+02   4.2100000e+02
   4.4700000e+02   4.8400000e+02
   3.7000000e+02   5.6000000e+02
   1.6500000e+02   4.3900000e+02
   1.5600000e+02   3.9000000e+02
   1.6000000e+02   3.5300000e+02
   1.1400000e+02   2.8100000e+02
   1.5500000e+02   1.7500000e+02
   2.5600000e+02   9.4000000e+01
   3.9000000e+02   1.0500000e+02
   4.7400000e+02   1.8500000e+02
   5.1500000e+02   2.9000000e+02
   4.7200000e+02   3.4900000e+02
   4.7800000e+02   3.8500000e+02
   4.7100000e+02   4.1500000e+02
   2.4900000e+02   3.3400000e+02
   3.7500000e+02   3.2600000e+02
   2.0700000e+02   3.1200000e+02
   2.2700000e+02   2.9300000e+02
   2.8000000e+02   3.0100000e+02
   3.4100000e+02   2.9900000e+02
   3.9900000e+02   2.8900000e+02
   4.3000000e+02   3.0600000e+02
   3.1300000e+02   3.2800000e+02
   2.7800000e+02   4.1600000e+02
   3.1700000e+02   3.9800000e+02
   3.5300000e+02   4.1500000e+02
   2.6900000e+02   4.7100000e+02
   3.2000000e+02   4.5300000e+02
   3.7400000e+02   4.6500000e+02
   2.9600000e+02   4.8900000e+02
   3.5000000e+02   4.8500000e+02