   3.2500000e+02   5.5100000e+02
   2.2800000e+02   5.3200000e+02
   1.8100000e+02   4.9200000e+02
   1.6600000e+02   4.2800000e+02
   1.5100000e+02   3.2400000e+02
   1.7100000e+02   2.6400000e+02
   2.1600000e+02   1.7800000e+02
   3.7300000e+02   1.6300000e+02
   4.4500000e+02   2.2900000e+02
   4.6200000e+02   3.3100000e+02
   4.4600000e+02   4.3700000e+02
   4.3500000e+02   4.8600000e+02
   4.0100000e+02   5.2500000e+02
   1.4300000e+02   4.3600000e+02
   9.7000000e+01   3.6200000e+02
   1.1300000e+02   3.2200000e+02
   1.1900000e+02   2.1900000e+02
   1.4700000e+02   1.5200000e+02
   2.1700000e+02   8.1000000e+01
   3.6100000e+02   6.5000000e+01
   4.4000000e+02   1.1700000e+02
   4.7200000e+02   1.9100000e+02
   4.8200000e+02   3.2600000e+02
   4.9300000e+02   3.6600000e+02
   4.6300000e+02   4.2900000e+02
   2.5400000e+02   3.2600000e+02
   3.8100000e+02   3.2700000e+02
   2.0000000e+02   2.8200000e+02
   2.4300000e+02   2.6900000e+02
   2.8000000e+02   2.8500000e+02
   3.5300000e+02   2.8200000e+02
   3.9100000e+02   2.7300000e+02
   4.3200000e+02   2.8500000e+02
   3.1700000e+02   3.2100000e+02
   2.7500000e+02   4.1400000e+02
   3.1900000e+02   3.9900000e+02
   3.5800000e+02   4.1000000e+02
   2.6200000e+02   4.8400000e+02
   3.1800000e+02   4.5700000e+02
   3.6800000e+02   4.8300000e+02
   2.9800000e+02   4.8900000e+02
   3.2200000e+02   4.9800000e+02
   3.4200000e+02   4.8800000e+02
