   335   584
   236   559
   175   507
   152   429
   143   317
   171   204
   266   186
   383   174
   460   231
   483   337
   478   414
   460   501
   413   559
   116   422
    78   359
    84   294
    88   179
   181    63
   256    38
   389    46
   479   109
   524   236
   514   290
   518   359
   479   417
   244   327
   397   324
   186   287
   237   277
   281   290
   345   285
   394   270
   447   283
   321   325
   283   420
   323   417
   362   417
   262   487
   325   456
   408   470
   294   502
   335   507
   368   499
