   3.2800000e+02   5.8300000e+02
   2.3700000e+02   5.5600000e+02
   1.9100000e+02   5.1300000e+02
   1.7000000e+02   4.4800000e+02
   1.5700000e+02   3.4000000e+02
   1.8300000e+02   2.2800000e+02
   2.6800000e+02   1.7500000e+02
   3.7600000e+02   1.7800000e+02
   4.3900000e+02   2.3500000e+02
   4.6500000e+02   3.3500000e+02
   4.6400000e+02   4.4700000e+02
   4.4500000e+02   5.1500000e+02
   4.1100000e+02   5.6400000e+02
   1.4600000e+02   4.5400000e+02
   1.2100000e+02   4.0300000e+02
   1.2200000e+02   3.4000000e+02
   1.2900000e+02   2.4000000e+02
   1.6900000e+02   1.4400000e+02
   2.4700000e+02   9.3000000e+01
   3.8100000e+02   8.7000000e+01
   4.5500000e+02   1.4900000e+02
   4.9600000e+02   2.2200000e+02
   5.0200000e+02   3.3200000e+02
   4.9700000e+02   3.9300000e+02
   4.8000000e+02   4.4700000e+02
   2.4500000e+02   3.2900000e+02
   3.7900000e+02   3.2500000e+02
   2.0200000e+02   2.8800000e+02
   2.4600000e+02   2.8000000e+02
   2.9100000e+02   2.9300000e+02
   3.4700000e+02   2.9100000e+02
   3.9000000e+02   2.8000000e+02
   4.2600000e+02   2.8400000e+02
   3.2100000e+02   3.3500000e+02
   3.0100000e+02   4.1700000e+02
   3.2800000e+02   4.0100000e+02
   3.5000000e+02   4.1800000e+02
   2.5300000e+02   4.8000000e+02
   3.3000000e+02   4.5800000e+02
   3.9200000e+02   4.7000000e+02
   2.9100000e+02   4.8900000e+02
   3.2000000e+02   4.9200000e+02
   3.5600000e+02   4.8600000e+02
